89
1,Kalani,250Pro,215
2,Ruth,125Pro,107
3,Chloe,500C,129
4,Grayson,500B,88
5,Ainoha,500C,142
6,Olive,125C,12
8,Carter,250C,75
9,Nolan,125C,16
10,Anthony,250C,79
11,Danna,125B,28
12,Archer,500B,70
13,Oscar,250C,93
14,Ramiro,500Pro,191
15,John,250B,60
16,Jackson,250Pro,374
17,Kamarri,500C,146
18,Vaylynn,125A,74
19,Joshua,500C,115
20,Elodie,250C,80
21,Alexander,500C,129
22,Owen,250Pro,175
23,Bria,250Pro,368
24,Zorion,500C,103
25,Bud,250B,46
27,Monica,250C,97
28,Ellery,500B,80
29,Sebastian,125Pro,292
30,Ransom,125C,2
31,Jianni,125Pro,221
32,Elliana,250Pro,212
33,Carlos,125A,61
34,Braeden,500B,55
35,Kalim,125Pro,229
36,Charlotte,250C,88
37,Maryan,500Pro,473
38,Hunter,125A,67
39,Alivia,125B,58
40,Zane,250C,70
41,Asher,500C,115
42,Bennett,500C,135
45,Miguel,125C,4
46,Gregory,250Pro,269
47,Kira,250B,65
49,Enzo,250B,40
50,Oliver,500B,60
51,Jesus,125A,70
52,Emma,250Pro,377
53,Emma,125A,68
54,Bradley,125C,11
55,Leona,125A,74
56,Zoey,500B,80
57,Juwan,250B,50
58,Shruti,125C,9
59,Kayden,500C,93
60,Brianna,500Pro,374
62,Natasha,250Pro,295
63,Emilia,250C,76
64,Kai,500B,74
65,Mckenna,500C,98
66,Eden,500B,66
67,Parker,250Pro,191
68,Hailey,125C,11
69,Tanner,500Pro,377
70,Luna,125C,9
71,Naomi,250B,46
72,Nolan,250C,94
75,Nikki,125C,11
76,Lola,125A,68
77,Avery,500C,139
79,Savannah,250C,107
80,Noe,125C,15
81,Justin,250Pro,155
82,Atticus,500B,78
83,Gianna,500B,59
84,Aaliyah,250B,36
85,Theo,250B,32
86,Charlotte,250C,89
87,Yadiel,250C,105
88,Henry,500B,74
89,Tatum,250C,83
90,Stella,250C,98
91,Jackson,250Pro,115
93,August,250C,94
94,Nicholas,250C,77
95,Annabelle,500Pro,413
96,Maverick,125B,53
97,Evelin,250C,92
98,Isabel,500B,82
99,Leah,250Pro,299
Bithlo #1
6
125A,76,33,18,51,55,53,38
125B,39,11,96
125C,75,45,9,80,68,54,58,6,70,30
125Pro,31,35,29,2
250B,85,15,84,57,25,47,71,49
250C,90,94,20,36,87,8,40,97,72,79,93,89,86,10,27,13,63
Bithlo #2
6
125A,18,51,38,76,33,55,53
125B,11,96,39
125C,58,9,30,6,70,80,54,75,68,45
125Pro,29,31,35,2
250B,57,47,71,49,84,25,15,85
250C,86,97,87,13,8,90,27,79,63,10,20,94,36,40,89,72,93
Bithlo #3
6
125A,18,55,38,51,33,53,76
125B,11,39,96
125C,68,9,70,75,30,80,54,45,6,58
125Pro,29,35,2,31
250B,71,84,15,25,47,57,49,85
250C,89,10,86,27,72,87,40,79,97,63,20,8,13,94,90,93,36
Bithlo #4
4
125A,38,55,76,53,51,33,18
125B,11,96,39
125C,68,30,75,58,70,54,6,9,80,45
125Pro,2,29,31,35
Bithlo #5
10
125A,55,33,76,51,38,53,18
125B,39,11,96
125C,30,75,54,58,68,45,9,6,70,80
125Pro,35,2,31,29
250B,15,85,49,47,84,57,71,25
250C,97,87,72,40,93,94,79,90,8,13,10,20,36,63,89,86,27
250Pro,1,99,16,23,32,52,22,81,91,67,62,46
500B,98,56,12,66,82,83,4,50,64,34,88,28
500C,5,19,42,77,24,17,3,41,65,59,21
500Pro,95,14,60,37,69
Bithlo #6
6
125A,38,76,51,18,55,33,53
125B,11,39,96
125C,75,6,68,58,9,30,54,70,45,80
125Pro,35,29,31,2
250B,84,25,85,47,15,57,49,71
250C,86,63,87,94,89,27,79,93,13,10,72,36,97,20,40,90,8
Bithlo #7
2
125A,18,55,33,51,76,53,38
125B,39,11,96
Bithlo #8
2
125A,76,53,55,51,33,18,38
125B,11,96,39
Bithlo #9
7
125A,51,55,53,18,38,76,33
125B,96,11,39
125C,70,75,30,9,45,6,58,80,68,54
125Pro,29,2,35,31
250B,49,25,71,15,84,85,57,47
250C,36,10,63,87,86,8,97,20,93,13,94,89,27,72,40,90,79
250Pro,99,23,32,52,46,16,22,81,67,1,91,62
